[ 0.00460194 -1.79629159 -1.62908769 -0.59978652  0.02454369]
[ 0.00460194 -1.79629159 -1.63368964 -0.59978652  0.02454369]
[ 0.00460194 -1.79629159 -1.63368964 -0.59978652  0.02454369]
[ 0.00460194 -1.79629159 -1.63368964 -0.59978652  0.02454369]
[ 0.00460194 -1.79629159 -1.63368964 -0.59978652  0.02607767]
[ 0.00460194 -1.79629159 -1.63368964 -0.59978652  0.02454369]
[ 0.00460194 -1.79629159 -1.63368964 -0.59978652  0.02454369]
[ 0.00460194 -1.79629159 -1.63368964 -0.59978652  0.02454369]
[ 0.00460194 -1.79629159 -1.63368964 -0.59978652  0.02454369]
[ 0.00460194 -1.79629159 -1.63368964 -0.59978652  0.02454369]
[ 0.00460194 -1.79629159 -1.63368964 -0.59978652  0.02454369]
[ 0.00460194 -1.79629159 -1.63368964 -0.59978652  0.02607767]
[ 0.00460194 -1.79629159 -1.63368964 -0.59978652  0.02454369]
[ 0.00613592 -1.76714587 -1.61834979 -0.59978652  0.02454369]
[-0.01533981 -1.51250505 -1.42506814 -0.59978652  0.02454369]
[-0.03681554 -1.21798074 -1.17042732 -0.59978652  0.02454369]
[-0.06135923 -0.8973788  -0.88203895 -0.59518456  0.02454369]
[-0.04908739 -0.62279624 -0.59978652 -0.59211659  0.02454369]
[-0.0398835  -0.38809714 -0.35128161 -0.56603891  0.02607767]
[-0.03528156 -0.18254372 -0.13652429 -0.46939814  0.02607767]
[-0.02454369 -0.02454369  0.02914564 -0.37122336  0.02454369]
[-0.02454369  0.02761165  0.0644272  -0.32213598  0.02454369]
[-0.01840777  0.03067962  0.0644272  -0.31139812  0.02454369]
[-0.00920388  0.00306796  0.0644272  -0.31446606  0.02454369]
[-0.0076699  -0.07516506 -0.00306796 -0.31600004  0.02454369]
[-0.0076699  -0.21935926 -0.20095149 -0.31600004  0.02454369]
[-0.0076699  -0.42491269 -0.49700978 -0.31139812  0.02607767]
[-0.00920388 -0.63353407 -0.76085448 -0.30986413  0.02454369]
[-0.02607767 -0.8728351  -1.00782537 -0.30833015  0.02607767]
[-0.04141748 -1.14434969 -1.25172842 -0.30986413  0.02454369]
[-0.04908739 -1.43427205 -1.43120408 -0.31446606  0.02454369]
[-0.01227185 -1.67970896 -1.5677284  -0.33900976  0.02454369]
[ 0.00460194 -1.80089355 -1.66436923 -0.40036899  0.02454369]
[ 0.00460194 -1.80089355 -1.66283524 -0.46633017  0.02454369]
[ 0.00460194 -1.80089355 -1.65976727 -0.49394181  0.02454369]
[ 0.00460194 -1.79935956 -1.66130126 -0.4954758   0.02454369]
[ 0.00460194 -1.80089355 -1.65976727 -0.4954758   0.02454369]
[ 0.00460194 -1.80089355 -1.65976727 -0.4954758   0.02454369]
[ 0.00460194 -1.80089355 -1.65976727 -0.4954758   0.02454369]
[ 0.00460194 -1.79935956 -1.65976727 -0.4954758   0.02454369]
[ 0.00460194 -1.80089355 -1.65976727 -0.4954758   0.02454369]
[ 0.00460194 -1.80089355 -1.66130126 -0.4954758   0.02454369]
[ 0.00460194 -1.80089355 -1.65976727 -0.4954758   0.02454369]
[ 0.00460194 -1.79935956 -1.65976727 -0.4954758   0.02454369]
[ 0.00460194 -1.80089355 -1.65976727 -0.4954758   0.02454369]
[ 0.00460194 -1.80089355 -1.65976727 -0.4954758   0.02454369]
[ 0.00460194 -1.80089355 -1.65976727 -0.4954758   0.02454369]
[ 0.00460194 -1.80089355 -1.65976727 -0.4954758   0.02454369]
[ 0.00460194 -1.80089355 -1.65976727 -0.4954758   0.02454369]
[ 0.00460194 -1.80089355 -1.65976727 -0.4954758   0.02454369]
[ 0.00460194 -1.80089355 -1.65976727 -0.4954758   0.02454369]
[ 0.00460194 -1.80089355 -1.65976727 -0.4954758   0.02454369]
[ 0.00460194 -1.80089355 -1.65976727 -0.4954758   0.02454369]
[ 0.00460194 -1.80089355 -1.65976727 -0.4954758   0.02454369]
[ 0.00460194 -1.80089355 -1.65976727 -0.4954758   0.02454369]
[ 0.00460194 -1.80089355 -1.65976727 -0.4954758   0.02454369]
Open
[ 0.00460194 -1.80089355 -1.65976727 -0.4954758   0.02454369]
Open
[ 0.00460194 -1.80089355 -1.65976727 -0.4954758   0.02454369]
[ 0.00460194 -1.80089355 -1.65976727 -0.4954758   0.02454369]
[ 0.00460194 -1.80089355 -1.65976727 -0.4954758   0.02454369]
[ 0.00460194 -1.80089355 -1.65976727 -0.4954758   0.02454369]
[ 0.00460194 -1.80089355 -1.65976727 -0.4954758   0.02454369]
[ 0.00460194 -1.80089355 -1.65976727 -0.4954758   0.02454369]
[ 0.00460194 -1.80089355 -1.65976727 -0.4954758   0.02454369]
Close
[ 0.00460194 -1.80089355 -1.65976727 -0.4954758   0.02454369]
Close
[ 0.00460194 -1.80089355 -1.65976727 -0.4954758   0.02454369]
[ 0.00460194 -1.80089355 -1.65976727 -0.4954758   0.02454369]
[ 0.00460194 -1.80089355 -1.66130126 -0.4954758   0.02454369]
[ 0.00460194 -1.80089355 -1.66130126 -0.4954758   0.02454369]
[-1.53398083e-03 -1.79782557e+00 -1.67050517e+00 -6.73417568e-01  1.01242736e-01]
[-1.53398083e-03 -1.79782557e+00 -1.67050517e+00 -6.74951553e-01  1.01242736e-01]
[-1.53398083e-03 -1.79782557e+00 -1.67203915e+00 -6.67281687e-01  1.01242736e-01]
[-1.53398083e-03 -1.79782557e+00 -1.67203915e+00 -6.65747702e-01  1.01242736e-01]
[-1.53398083e-03 -1.79782557e+00 -1.67203915e+00 -6.65747702e-01  1.01242736e-01]
[-1.53398083e-03 -1.79782557e+00 -1.67050517e+00 -6.65747702e-01  1.01242736e-01]
[-1.53398083e-03 -1.79782557e+00 -1.68277693e+00 -5.66038907e-01  1.01242736e-01]
[-0.00306796 -1.79782557 -1.68431091 -0.26231071  0.10124274]
[-1.53398083e-03 -1.79782557e+00 -1.68431091e+00 -2.48504892e-01  1.01242736e-01]
[-1.53398083e-03 -1.79782557e+00 -1.68431091e+00 -1.39592260e-01  1.01242736e-01]
[-1.53398083e-03 -1.79782557e+00 -1.68431091e+00  2.45436933e-02  1.01242736e-01]
[-1.53398083e-03 -1.79782557e+00 -1.68431091e+00  5.82912713e-02  1.01242736e-01]
[-1.53398083e-03 -1.79782557e+00 -1.68431091e+00  7.82330260e-02  1.01242736e-01]
[-0.00306796 -1.79782557 -1.68431091  0.10891264  0.10124274]
[-0.00306796 -1.79782557 -1.68431091  0.13652429  0.10124274]
[-0.00306796 -1.79782557 -1.68431091  0.20708741  0.10124274]
[-1.53398083e-03 -1.79782557e+00 -1.68431091e+00  1.90213621e-01  1.01242736e-01]
[-1.53398083e-03 -1.79782557e+00 -1.68431091e+00  1.21184483e-01  1.01242736e-01]
[-0.00306796 -1.79782557 -1.68431091  0.11811652  0.10124274]
[-0.00306796 -1.79782557 -1.68431091  0.1119806   0.10124274]
[-1.53398083e-03 -1.79782557e+00 -1.68431091e+00  1.84077695e-02  1.01242736e-01]
[-1.53398083e-03 -1.79782557e+00 -1.68431091e+00 -1.41126230e-01  1.01242736e-01]
[-1.53398083e-03 -1.79782557e+00 -1.68431091e+00 -2.42368966e-01  1.01242736e-01]
[-0.00306796 -1.79782557 -1.68431091 -0.35741752  0.10124274]
[-1.53398083e-03 -1.79782557e+00 -1.68431091e+00 -4.72466081e-01  1.01242736e-01]
[-0.00306796 -1.79782557 -1.68431091 -0.52001953  0.10124274]
[-1.53398083e-03 -1.79782557e+00 -1.68431091e+00 -5.09281635e-01  1.01242736e-01]
[-1.53398083e-03 -1.79782557e+00 -1.68431091e+00 -4.27980661e-01  1.01242736e-01]
[-1.53398083e-03 -1.79782557e+00 -1.68431091e+00 -3.60485494e-01  1.01242736e-01]
[-1.53398083e-03 -1.79782557e+00 -1.68431091e+00 -9.97087508e-02  1.01242736e-01]
[-0.00306796 -1.79782557 -1.68431091 -0.1764078   0.10124274]
[-0.00306796 -1.79782557 -1.68431091 -0.56143701  0.10124274]
[-1.53398083e-03 -1.79782557e+00 -1.68277693e+00 -5.78310788e-01  1.01242736e-01]
[-0.00306796 -1.79782557 -1.67357314 -0.65807778  0.10124274]
[-0.00306796 -1.79782557 -1.67203915 -0.65807778  0.10124274]
[-0.00306796 -1.79782557 -1.67203915 -0.65961176  0.10124274]
[-1.53398083e-03 -1.79782557e+00 -1.67203915e+00 -6.64213717e-01  1.01242736e-01]
[-0.00306796 -1.79935956 -1.67203915 -0.66728169  0.10124274]
[-1.53398083e-03 -1.79935956e+00 -1.67203915e+00 -6.68815613e-01  1.01242736e-01]
[-1.53398083e-03 -1.79935956e+00 -1.67203915e+00 -6.68815613e-01  1.01242736e-01]
[-1.53398083e-03 -1.79935956e+00 -1.67203915e+00 -6.67281687e-01  1.01242736e-01]
[-1.53398083e-03 -1.79935956e+00 -1.67203915e+00 -6.68815613e-01  1.01242736e-01]
[-0.00306796 -1.79935956 -1.67203915 -0.66881561  0.10124274]
[-0.00306796 -1.79935956 -1.67203915 -0.66881561  0.10124274]
[-1.53398083e-03 -1.79935956e+00 -1.67203915e+00 -6.68815613e-01  1.01242736e-01]
[-0.00306796 -1.79935956 -1.67050517 -0.66881561  0.10124274]
[-0.00306796 -1.79935956 -1.67203915 -0.66881561  0.10124274]
[-0.00306796 -1.79935956 -1.67203915 -0.66881561  0.10124274]
[-0.00306796 -1.79935956 -1.67203915 -0.66881561  0.10124274]
[-0.00306796 -1.79935956 -1.67203915 -0.66881561  0.10124274]
[-1.53398083e-03 -1.79935956e+00 -1.67050517e+00 -6.68815613e-01  1.01242736e-01]
[-0.00306796 -1.79935956 -1.67203915 -0.66881561  0.10124274]
[-0.00306796 -1.79935956 -1.67203915 -0.66881561  0.10124274]
[-1.53398083e-03 -1.79935956e+00 -1.67203915e+00 -6.68815613e-01  1.01242736e-01]
[-0.00306796 -1.79935956 -1.67203915 -0.66881561  0.10124274]
[-0.00306796 -1.79935956 -1.67203915 -0.66881561  0.10124274]
[-0.00306796 -1.79935956 -1.67203915 -0.66881561  0.10124274]
[-0.00306796 -1.79935956 -1.67203915 -0.66881561  0.10124274]
[-0.00306796 -1.79935956 -1.67203915 -0.66881561  0.10124274]
[-1.53398083e-03 -1.79935956e+00 -1.67050517e+00 -6.68815613e-01  1.01242736e-01]
[-0.00306796 -1.79935956 -1.67050517 -0.66881561  0.10124274]
[-0.00306796 -1.79935956 -1.67203915 -0.66881561  0.10124274]
[-0.00306796 -1.79935956 -1.67203915 -0.66881561  0.10124274]
[-0.00306796 -1.79935956 -1.67203915 -0.66881561  0.10124274]
[-1.53398083e-03 -1.79935956e+00 -1.67203915e+00 -6.68815613e-01  1.01242736e-01]
[-0.00306796 -1.79935956 -1.67203915 -0.66881561  0.10124274]
[-0.00306796 -1.79782557 -1.67203915 -0.66881561  0.10124274]
[-0.00306796 -1.79935956 -1.67203915 -0.66881561  0.10124274]
[-0.00306796 -1.79935956 -1.67203915 -0.6657477   0.10124274]
[-1.53398083e-03 -1.79935956e+00 -1.67203915e+00 -6.65747702e-01  1.01242736e-01]
[-1.53398083e-03 -1.79935956e+00 -1.67203915e+00 -6.65747702e-01  1.01242736e-01]
[-1.53398083e-03 -1.79935956e+00 -1.67203915e+00 -6.65747702e-01  1.01242736e-01]
[-1.53398083e-03 -1.79935956e+00 -1.67203915e+00 -6.65747702e-01  1.01242736e-01]
[-1.53398083e-03 -1.79935956e+00 -1.67203915e+00 -6.62679732e-01  1.01242736e-01]
[-0.00306796 -1.79935956 -1.67203915 -0.66267973  0.10124274]
[-1.53398083e-03 -1.79782557e+00 -1.67203915e+00 -6.68815613e-01  1.01242736e-01]
[-1.53398083e-03 -1.79782557e+00 -1.67203915e+00 -6.67281687e-01  1.01242736e-01]
[-0.00306796 -1.79782557 -1.67050517 -0.66728169  0.10124274]
[-0.00306796 -1.79629159 -1.67203915 -0.66881561  0.10124274]
[-0.00306796 -1.79782557 -1.67203915 -0.66881561  0.10124274]
[-1.53398083e-03 -1.79629159e+00 -1.67203915e+00 -6.68815613e-01  1.01242736e-01]
[-1.53398083e-03 -1.79782557e+00 -1.67203915e+00 -6.68815613e-01  1.01242736e-01]
[-1.53398083e-03 -1.79782557e+00 -1.67203915e+00 -6.68815613e-01  1.01242736e-01]
[-0.00306796 -1.79782557 -1.67203915 -0.66881561  0.10124274]
[-1.53398083e-03 -1.79782557e+00 -1.67203915e+00 -6.67281687e-01  1.01242736e-01]
[-0.00306796 -1.79782557 -1.67203915 -0.66881561  0.10124274]
[-1.53398083e-03 -1.79782557e+00 -1.67050517e+00 -6.68815613e-01  1.01242736e-01]
[-1.53398083e-03 -1.79629159e+00 -1.67050517e+00 -6.73417568e-01  1.01242736e-01]
[-1.53398083e-03 -1.79782557e+00 -1.67050517e+00 -6.73417568e-01  1.01242736e-01]
[-1.53398083e-03 -1.79782557e+00 -1.67203915e+00 -6.73417568e-01  1.01242736e-01]
[-0.00306796 -1.79782557 -1.67203915 -0.67341757  0.10124274]
[-0.00306796 -1.79629159 -1.67050517 -0.67341757  0.10124274]
[-1.53398083e-03 -1.79629159e+00 -1.67050517e+00 -6.73417568e-01  1.05844676e-01]
[-1.53398083e-03 -1.79782557e+00 -1.67050517e+00 -6.74951553e-01  1.11980602e-01]
[-1.53398083e-03 -1.79629159e+00 -1.67050517e+00 -6.74951553e-01  1.97883531e-01]
[-0.00306796 -1.79782557 -1.67050517 -0.67495155  0.2086214 ]
[-0.00306796 -1.79629159 -1.67050517 -0.67341757  0.20401946]
[-0.00306796 -1.79782557 -1.67050517 -0.67341757  0.10584468]
[-1.53398083e-03 -1.79629159e+00 -1.67050517e+00 -6.74951553e-01  2.45436933e-02]
[-1.53398083e-03 -1.79782557e+00 -1.67050517e+00 -6.73417568e-01  2.45436933e-02]
[-1.53398083e-03 -1.79629159e+00 -1.67050517e+00 -6.74951553e-01  2.45436933e-02]
[-1.53398083e-03 -1.79629159e+00 -1.67050517e+00 -6.73417568e-01  2.45436933e-02]
[-1.53398083e-03 -1.79782557e+00 -1.67050517e+00 -6.73417568e-01  2.45436933e-02]
[-1.53398083e-03 -1.79782557e+00 -1.67050517e+00 -6.74951553e-01  2.45436933e-02]
[-0.00306796 -1.79629159 -1.67050517 -0.67341757  0.02454369]
[-0.00306796 -1.79782557 -1.67050517 -0.67341757  0.02454369]
[-0.00306796 -1.79782557 -1.67050517 -0.67495155  0.02454369]
[-1.53398083e-03 -1.79629159e+00 -1.67050517e+00 -6.73417568e-01  2.45436933e-02]
[-1.53398083e-03 -1.79629159e+00 -1.67050517e+00 -6.73417568e-01  2.45436933e-02]
[-1.53398083e-03 -1.79782557e+00 -1.67050517e+00 -6.74951553e-01  2.45436933e-02]
[-0.00306796 -1.79782557 -1.67050517 -0.67341757  0.02454369]
[-1.53398083e-03 -1.79782557e+00 -1.67050517e+00 -6.74951553e-01  2.45436933e-02]
[-1.53398083e-03 -1.79782557e+00 -1.67050517e+00 -6.73417568e-01  2.45436933e-02]
[-0.00306796 -1.79629159 -1.67050517 -0.67341757  0.02454369]
[-1.53398083e-03 -1.79629159e+00 -1.67050517e+00 -6.73417568e-01  2.45436933e-02]
[-0.00306796 -1.79782557 -1.67050517 -0.67495155  0.02454369]
[-0.00306796 -1.79782557 -1.67050517 -0.67341757  0.02454369]
[-1.53398083e-03 -1.79782557e+00 -1.67050517e+00 -6.73417568e-01  2.45436933e-02]
[-1.53398083e-03 -1.79782557e+00 -1.67050517e+00 -6.73417568e-01  2.45436933e-02]
[-1.53398083e-03 -1.79782557e+00 -1.67050517e+00 -6.73417568e-01  2.45436933e-02]
[-1.53398083e-03 -1.79629159e+00 -1.67050517e+00 -6.73417568e-01  2.45436933e-02]
[-1.53398083e-03 -1.79782557e+00 -1.67050517e+00 -6.73417568e-01  2.45436933e-02]
[-1.53398083e-03 -1.79782557e+00 -1.67050517e+00 -6.73417568e-01  2.45436933e-02]
[-0.00306796 -1.79782557 -1.67050517 -0.67341757  0.02454369]
[-1.53398083e-03 -1.79782557e+00 -1.67050517e+00 -6.73417568e-01  2.45436933e-02]
[-0.00306796 -1.79782557 -1.67050517 -0.67341757  0.02454369]
[-1.53398083e-03 -1.79782557e+00 -1.67050517e+00 -6.74951553e-01  2.45436933e-02]
[-1.53398083e-03 -1.79782557e+00 -1.67050517e+00 -6.73417568e-01  2.45436933e-02]
[-1.53398083e-03 -1.79629159e+00 -1.67050517e+00 -6.74951553e-01  2.45436933e-02]
[-1.53398083e-03 -1.79782557e+00 -1.67050517e+00 -6.73417568e-01  2.45436933e-02]
[-0.00306796 -1.79782557 -1.67050517 -0.67495155  0.02454369]
[-1.53398083e-03 -1.79629159e+00 -1.67050517e+00 -6.73417568e-01  2.45436933e-02]
[-0.00306796 -1.79629159 -1.67050517 -0.67495155  0.02454369]
[-1.53398083e-03 -1.79782557e+00 -1.67050517e+00 -6.73417568e-01  2.45436933e-02]
[-0.00306796 -1.79782557 -1.67050517 -0.67495155  0.02454369]
[-0.00306796 -1.79629159 -1.67050517 -0.67341757  0.02454369]
[-1.53398083e-03 -1.79782557e+00 -1.67050517e+00 -6.73417568e-01  2.45436933e-02]
[-1.53398083e-03 -1.79782557e+00 -1.67050517e+00 -6.74951553e-01  2.45436933e-02]
[-0.00306796 -1.79782557 -1.67050517 -0.67341757  0.02454369]
[-1.53398083e-03 -1.79629159e+00 -1.67050517e+00 -6.74951553e-01  2.45436933e-02]
[-0.00306796 -1.79629159 -1.67050517 -0.67495155  0.02454369]
[-1.53398083e-03 -1.79782557e+00 -1.67050517e+00 -6.73417568e-01  2.45436933e-02]
[-0.00306796 -1.79782557 -1.67050517 -0.67495155  0.02454369]
[-1.53398083e-03 -1.79782557e+00 -1.67050517e+00 -6.73417568e-01  2.45436933e-02]
[-1.53398083e-03 -1.79629159e+00 -1.67050517e+00 -6.74951553e-01  2.45436933e-02]
[-1.53398083e-03 -1.79782557e+00 -1.67050517e+00 -6.73417568e-01  2.45436933e-02]
[-0.00306796 -1.79782557 -1.67050517 -0.67341757  0.02454369]
[-0.00306796 -1.79782557 -1.67050517 -0.67495155  0.02454369]
[-1.53398083e-03 -1.79782557e+00 -1.67050517e+00 -6.73417568e-01  2.45436933e-02]
[-1.53398083e-03 -1.79782557e+00 -1.67050517e+00 -6.73417568e-01  2.45436933e-02]
[-0.00306796 -1.79782557 -1.67050517 -0.67341757  0.02454369]
[-0.00306796 -1.79782557 -1.67050517 -0.67341757  0.02454369]
[-0.00306796 -1.79629159 -1.67050517 -0.67495155  0.02454369]
[-1.53398083e-03 -1.79782557e+00 -1.67050517e+00 -6.73417568e-01  2.45436933e-02]
[-1.53398083e-03 -1.79782557e+00 -1.67050517e+00 -6.74951553e-01  2.45436933e-02]
[-1.53398083e-03 -1.79782557e+00 -1.67050517e+00 -6.74951553e-01  2.45436933e-02]
[-1.53398083e-03 -1.79629159e+00 -1.67050517e+00 -6.73417568e-01  2.45436933e-02]
[-1.53398083e-03 -1.79782557e+00 -1.67050517e+00 -6.73417568e-01  2.45436933e-02]
[-1.53398083e-03 -1.79782557e+00 -1.67050517e+00 -6.73417568e-01  2.45436933e-02]
[-1.53398083e-03 -1.79782557e+00 -1.67050517e+00 -6.74951553e-01  2.45436933e-02]
[-1.53398083e-03 -1.79782557e+00 -1.67050517e+00 -6.74951553e-01  2.45436933e-02]
[-0.00306796 -1.79782557 -1.67050517 -0.67495155  0.02454369]
[-0.00306796 -1.79782557 -1.67050517 -0.67341757  0.02454369]
[-1.53398083e-03 -1.79782557e+00 -1.67050517e+00 -6.73417568e-01  2.45436933e-02]
[-1.53398083e-03 -1.79782557e+00 -1.67050517e+00 -6.74951553e-01  2.45436933e-02]
[-1.53398083e-03 -1.79782557e+00 -1.67050517e+00 -6.73417568e-01  2.45436933e-02]
[-0.00306796 -1.79629159 -1.67050517 -0.67341757  0.02454369]
[-0.00306796 -1.79782557 -1.67050517 -0.67495155  0.02454369]
[-0.00306796 -1.79629159 -1.67050517 -0.67341757  0.02454369]
[-0.00306796 -1.79629159 -1.67050517 -0.67495155  0.02454369]
[-0.00306796 -1.79629159 -1.67203915 -0.67341757  0.02454369]
[-1.53398083e-03 -1.79782557e+00 -1.67050517e+00 -6.73417568e-01  2.45436933e-02]
[-1.53398083e-03 -1.79629159e+00 -1.67050517e+00 -6.73417568e-01  2.45436933e-02]
[-1.53398083e-03 -1.79782557e+00 -1.67050517e+00 -6.74951553e-01  2.45436933e-02]
[-1.53398083e-03 -1.79629159e+00 -1.67050517e+00 -6.74951553e-01  2.45436933e-02]
[-1.53398083e-03 -1.79629159e+00 -1.67050517e+00 -6.74951553e-01  2.45436933e-02]
[-1.53398083e-03 -1.79782557e+00 -1.67050517e+00 -6.74951553e-01  2.45436933e-02]
[-1.53398083e-03 -1.79782557e+00 -1.67050517e+00 -6.73417568e-01  2.45436933e-02]
[-1.53398083e-03 -1.79629159e+00 -1.67050517e+00 -6.73417568e-01  2.45436933e-02]
[-0.00306796 -1.79629159 -1.67050517 -0.67341757  0.02454369]
[-1.53398083e-03 -1.79629159e+00 -1.67050517e+00 -6.73417568e-01  2.45436933e-02]
[-0.00306796 -1.79782557 -1.67050517 -0.67341757  0.02454369]
[-0.00306796 -1.79629159 -1.67050517 -0.67495155  0.02454369]
[-1.53398083e-03 -1.79629159e+00 -1.67050517e+00 -6.74951553e-01  2.45436933e-02]
[-1.53398083e-03 -1.79782557e+00 -1.67050517e+00 -6.73417568e-01  2.45436933e-02]
[-1.53398083e-03 -1.79782557e+00 -1.67050517e+00 -6.74951553e-01  2.45436933e-02]
[-1.53398083e-03 -1.79782557e+00 -1.67050517e+00 -6.73417568e-01  2.45436933e-02]
[-0.00306796 -1.79782557 -1.67050517 -0.67341757  0.02454369]
[-1.53398083e-03 -1.79629159e+00 -1.67050517e+00 -6.74951553e-01  2.45436933e-02]
[-1.53398083e-03 -1.79629159e+00 -1.67050517e+00 -6.73417568e-01  2.45436933e-02]
[-0.00306796 -1.79782557 -1.67050517 -0.67495155  0.02454369]
[-1.53398083e-03 -1.79782557e+00 -1.67050517e+00 -6.74951553e-01  2.45436933e-02]
[-0.00306796 -1.79782557 -1.67050517 -0.67341757  0.02454369]
[-1.53398083e-03 -1.79782557e+00 -1.67050517e+00 -6.73417568e-01  2.45436933e-02]
[-1.53398083e-03 -1.79782557e+00 -1.67050517e+00 -6.73417568e-01  2.45436933e-02]
[-1.53398083e-03 -1.79782557e+00 -1.67050517e+00 -6.73417568e-01  2.45436933e-02]
[-0.00306796 -1.79782557 -1.67050517 -0.67341757  0.02454369]
[-1.53398083e-03 -1.79782557e+00 -1.67050517e+00 -6.73417568e-01  2.45436933e-02]
[-0.00306796 -1.79629159 -1.67050517 -0.67341757  0.02454369]
[-1.53398083e-03 -1.79782557e+00 -1.67050517e+00 -6.73417568e-01  2.45436933e-02]
[-0.00306796 -1.79629159 -1.67050517 -0.67341757  0.02454369]
[-1.53398083e-03 -1.79782557e+00 -1.67050517e+00 -6.73417568e-01  2.45436933e-02]
[-0.00306796 -1.79629159 -1.67050517 -0.67495155  0.02454369]
[-0.00306796 -1.79629159 -1.67050517 -0.67341757  0.02454369]
[-1.53398083e-03 -1.79782557e+00 -1.67050517e+00 -6.73417568e-01  2.45436933e-02]
[-1.53398083e-03 -1.79782557e+00 -1.67050517e+00 -6.74951553e-01  2.45436933e-02]
[-1.53398083e-03 -1.79629159e+00 -1.67050517e+00 -6.73417568e-01  2.45436933e-02]
[-1.53398083e-03 -1.79782557e+00 -1.67050517e+00 -6.73417568e-01  2.45436933e-02]
[-0.00306796 -1.79629159 -1.67050517 -0.67341757  0.02454369]
[-1.53398083e-03 -1.79782557e+00 -1.67050517e+00 -6.73417568e-01  2.45436933e-02]
[-0.00306796 -1.79782557 -1.67050517 -0.67495155  0.02454369]
[-1.53398083e-03 -1.79629159e+00 -1.67050517e+00 -6.74951553e-01  2.45436933e-02]
[-1.53398083e-03 -1.79629159e+00 -1.67050517e+00 -6.74951553e-01  2.45436933e-02]
[-0.00306796 -1.79782557 -1.67050517 -0.67341757  0.02454369]
[-1.53398083e-03 -1.79782557e+00 -1.67050517e+00 -6.73417568e-01  2.45436933e-02]
[-0.00306796 -1.79629159 -1.67050517 -0.67341757  0.02454369]
[-1.53398083e-03 -1.79782557e+00 -1.67050517e+00 -6.74951553e-01  2.45436933e-02]
[-0.00306796 -1.79782557 -1.67050517 -0.67341757  0.02454369]
[-1.53398083e-03 -1.79782557e+00 -1.67050517e+00 -6.73417568e-01  2.45436933e-02]
[-1.53398083e-03 -1.79782557e+00 -1.67050517e+00 -6.73417568e-01  2.45436933e-02]
[-1.53398083e-03 -1.79782557e+00 -1.67050517e+00 -6.73417568e-01  2.45436933e-02]
[-1.53398083e-03 -1.79782557e+00 -1.67050517e+00 -6.73417568e-01  2.45436933e-02]
[-1.53398083e-03 -1.79629159e+00 -1.67050517e+00 -6.74951553e-01  2.45436933e-02]
[-1.53398083e-03 -1.79782557e+00 -1.67050517e+00 -6.73417568e-01  2.45436933e-02]
[-1.53398083e-03 -1.79782557e+00 -1.67050517e+00 -6.73417568e-01  2.45436933e-02]
[-1.53398083e-03 -1.79782557e+00 -1.67050517e+00 -6.73417568e-01  2.45436933e-02]
[-1.53398083e-03 -1.79782557e+00 -1.67050517e+00 -6.74951553e-01  2.45436933e-02]
[-1.53398083e-03 -1.79629159e+00 -1.67050517e+00 -6.73417568e-01  2.45436933e-02]
[-1.53398083e-03 -1.79782557e+00 -1.67050517e+00 -6.74951553e-01  2.45436933e-02]
[-1.53398083e-03 -1.79782557e+00 -1.67050517e+00 -6.73417568e-01  2.45436933e-02]
[-1.53398083e-03 -1.79782557e+00 -1.67050517e+00 -6.73417568e-01  2.45436933e-02]
[-1.53398083e-03 -1.79782557e+00 -1.67050517e+00 -6.73417568e-01  2.45436933e-02]
[-1.53398083e-03 -1.79629159e+00 -1.67050517e+00 -6.73417568e-01  2.45436933e-02]
[-1.53398083e-03 -1.79629159e+00 -1.67050517e+00 -6.73417568e-01  2.45436933e-02]
[-1.53398083e-03 -1.79782557e+00 -1.67050517e+00 -6.74951553e-01  2.45436933e-02]
[-1.53398083e-03 -1.79782557e+00 -1.67050517e+00 -6.74951553e-01  2.45436933e-02]
[-1.53398083e-03 -1.79782557e+00 -1.67050517e+00 -6.73417568e-01  2.45436933e-02]
[-1.53398083e-03 -1.79782557e+00 -1.67050517e+00 -6.74951553e-01  2.45436933e-02]
[-1.53398083e-03 -1.79782557e+00 -1.67050517e+00 -6.74951553e-01  2.45436933e-02]
[-1.53398083e-03 -1.79629159e+00 -1.67050517e+00 -6.73417568e-01  2.45436933e-02]
[-1.53398083e-03 -1.79782557e+00 -1.67050517e+00 -6.74951553e-01  2.45436933e-02]
[-1.53398083e-03 -1.79782557e+00 -1.67050517e+00 -6.73417568e-01  2.45436933e-02]
[-1.53398083e-03 -1.79782557e+00 -1.67050517e+00 -6.73417568e-01  2.45436933e-02]
[-1.53398083e-03 -1.79782557e+00 -1.67050517e+00 -6.74951553e-01  2.45436933e-02]
[-1.53398083e-03 -1.79782557e+00 -1.67050517e+00 -6.73417568e-01  2.45436933e-02]
[-1.53398083e-03 -1.79782557e+00 -1.67050517e+00 -6.74951553e-01  2.45436933e-02]
[-1.53398083e-03 -1.79782557e+00 -1.67050517e+00 -6.74951553e-01  2.45436933e-02]
[-1.53398083e-03 -1.79629159e+00 -1.67050517e+00 -6.74951553e-01  2.45436933e-02]
[-1.53398083e-03 -1.79782557e+00 -1.67050517e+00 -6.73417568e-01  2.45436933e-02]
[-1.53398083e-03 -1.79782557e+00 -1.67050517e+00 -6.73417568e-01  2.45436933e-02]
[-1.53398083e-03 -1.79782557e+00 -1.67050517e+00 -6.73417568e-01  2.45436933e-02]
[-1.53398083e-03 -1.79782557e+00 -1.67050517e+00 -6.73417568e-01  2.45436933e-02]
[-1.53398083e-03 -1.79782557e+00 -1.67050517e+00 -6.74951553e-01  2.45436933e-02]
[-1.53398083e-03 -1.79782557e+00 -1.67050517e+00 -6.73417568e-01  2.45436933e-02]
[-1.53398083e-03 -1.79629159e+00 -1.67050517e+00 -6.73417568e-01  2.45436933e-02]
[-1.53398083e-03 -1.79782557e+00 -1.67050517e+00 -6.73417568e-01  2.45436933e-02]
[-1.53398083e-03 -1.79629159e+00 -1.67050517e+00 -6.73417568e-01  2.45436933e-02]
[-1.53398083e-03 -1.79782557e+00 -1.67050517e+00 -6.73417568e-01  2.45436933e-02]
[-1.53398083e-03 -1.79782557e+00 -1.67050517e+00 -6.74951553e-01  2.45436933e-02]
[-1.53398083e-03 -1.79782557e+00 -1.67050517e+00 -6.74951553e-01  2.45436933e-02]
